
62092649
46068988
113465964
162202386
159739519
40858994
130391378
84717925
33764282
239243631
161486844
43201765
170249867
83160979
278954804
163558606
68776705
14244412
69273035
75499040
212472064
107373105
281030596
90725069
154267895
158410766
198001071
197447361
99325376
115702720
36224976
227299255
34893140
23983181
281734572
218210197
256336522
290121619
216198379
214017580
140146681
169195817
111834619
148716377
225548042
180818559
915633
82047937
108395967
145523652
55635398
265253446
43003871
289159545
72693394
223488585
59848165
90352331
177798822
286139658
141898175
138692483
70715176
207719336
116200140
204897438
43305672
65224638
262700664
167076179
158016985
19422624
121784108
174234059
54109847
64151040
155742016
272174036
75050392
80741025
94323641
143977352
265011903
58627606
202242409
216966429
270445484
176774348
125415345
172836189
177458439
65904576
38049209
134100065
176201839
173194421
137906013
52962720
210817926
289052385
252087006
104422114
105750510
130712376
51998233
298894128
74479172
114561749
52393598
141949849
113164789
110611657
191683533
209891504
115843461
224415979
282714588
170538127
129738334
286008301
147838547
39058391
76814643
136238050
182649052
273606598
144140526
28950092
189260363
178505605
2227085
4246354
54422621
129627906
24994182
72225171
70047986
105247619
249954541
197889880
200498609
209859324
122212875
130843895
286830256
107504889
22469686
169598431
162394024
120434482
31944241
78114
50673256
26500401
148606736
90629081
210884012
192767229
53393573
151561493
70528376
133038315
54128013
22756191
76750422
209221556
93644292
110433466
40013526
109494894
6659207
168708379
70559120
51764544
123033647
214812816
150581845
77682672
50740098
291012863
16899394
225227731
213365649
103642108
104954308
273477138
138520647
176761145
177419283
54432091
248013162
82523921
179570057
137490497
164458219
52134344
63423356
200301262
255119715
296081600
92824791
215479163
172261578
129162496
87614708
135493007
239952965
47919560
90180182
17084741
279625642
274062101
245564223
288707622
140524004
153244830
46313855
244719217
81106733
17587696
182885145
213073760
219735761
186528748
62352171
28511464
77749699
27821458
142508819
224885196
177474135
131735821
57649963
65619788
139561760
129813349
188882249
90115385
63873692
52104106
170330440
70330010
275927560
99236983
54285995
76835017
211935120
125323580
31407035
296155390
204373797
142172602
160632935
96704893
163470233
87408383
142366510
232170086
185141697
224688946
36455096
94508461
207992283
72377797
61783622
216101508
57880379
173018856
278289327
101786852
24741904
187502167
50833559
117747993
282028083
214396153
86668126
122944581
204454397
233546824
220212593
289259414
144603258
149439805
1702041
165111124
296558585
263537781
41628022
168777944
298554605
130056412
93562548
242548306
96416169
156135924
164549186
12032099
242511268
229788388
115743131
131073487
71822725
97239511
167177123
71331126
150519268
117132295
157786376
147557908
182521693
132455869
60445661
64196785
107542597
257863635
81582250
145726099
143201105
164062733
130269630
101517643
72686259
105904286
266535889
177287019
104497394
24984863
45025844
137854054
32345429
176001624
91902304
155241076